Hsize = 180
Vsize = 30
0
1
2
3
4
5
6
7
8
9
10
11
12
13
14
15
16
17
18
19
20
21
22
23
24
25
26
27
28
29
30
31
32
33
34
35
36
37
38
39
40
41
42
43
44
45
46
47
48
49
50
51
52
53
54
55
56
57
58
59
60
61
62
63
64
65
66
67
68
69
70
71
72
73
74
75
76
77
78
79
80
81
82
90
91
92
93
94
95
96
97
98
99
100
101
102
103
108
109
110
111
112
114
115
116
117
118
119
120
121
122
123
124
125
126
127
128
129
130
131
132
133
134
135
136
137
138
139
140
141
142
143
144
145
146
147
148
149
150
151
152
153
154
155
156
157
158
159
175
176
177
178
179
180
181
182
183
184
185
186
187
188
189
190
191
192
193
194
195
196
197
198
199
200
202
203
204
205
206
207
208
209
210
211
212
213
214
215
216
217
218
219
220
221
222
223
224
225
226
227
228
229
230
231
232
233
234
235
236
237
238
239
240
241
242
243
244
247
248
249
250
251
252
253
254
255
256
257
258
259
260
261
262
263
272
273
274
275
276
277
278
279
287
288
289
291
292
293
296
297
298
299
300
301
302
312
313
314
315
316
317
318
337
348
349
350
351
355
356
357
358
359
360
361
362
363
364
365
370
371
372
373
374
375
376
377
378
379
381
382
383
392
393
394
395
396
397
398
414
419
420
421
422
423
424
425
426
427
428
441
442
443
444
452
453
454
455
456
457
458
462
467
468
472
473
474
475
476
478
510
511
512
513
514
517
532
533
534
535
536
537
538
539
540
541
542
543
544
545
562
566
567
568
569
570
602
603
604
605
606
607
608
609
610
623
624
625
630
631
632
633
634
635
636
638
646
647
650
651
652
653
654
696
697
698
710
711
712
713
714
715
716
717
718
719
720
721
722
723
724
742
743
787
788
789
790
791
792
793
803
804
816
817
818
819
825
826
827
828
829
830
831
832
833
876
877
878
895
896
897
898
899
900
901
902
903
904
921
922
923
967
970
971
972
973
974
975
976
977
978
979
980
981
982
983
984
996
997
998
999
1000
1001
1002
1003
1004
1005
1006
1007
1008
1009
1012
1013
1056
1057
1058
1075
1076
1077
1078
1079
1080
1081
1082
1083
1101
1102
1103
1147
1155
1156
1157
1158
1159
1160
1161
1192
1236
1237
1238
1256
1257
1258
1259
1281
1282
1283
1326
1327
1328
1372
1373
1416
1417
1418
1461
1462
1463
1506
1507
1508
1552
1553
1596
1597
1598
1641
1642
1643
1644
1686
1687
1688
1731
1732
1733
1776
1777
1778
1821
1822
1823
1824
1866
1867
1868
1911
1912
1913
1956
1957
1958
1959
2000
2001
2002
2003
2004
2046
2047
2048
2091
2092
2093
2136
2137
2138
2180
2181
2182
2183
2184
2226
2227
2228
2271
2272
2273
2316
2317
2318
2319
2360
2361
2362
2363
2364
2406
2407
2408
2451
2452
2453
2496
2497
2498
2499
2534
2535
2536
2537
2540
2541
2542
2543
2544
2585
2586
2587
2588
2589
2631
2632
2633
2675
2676
2677
2678
2679
2711
2713
2714
2715
2716
2717
2718
2719
2720
2721
2722
2723
2724
2725
2765
2766
2767
2768
2769
2811
2812
2813
2855
2856
2857
2858
2859
2889
2890
2891
2892
2893
2894
2895
2896
2897
2898
2900
2901
2902
2903
2904
2905
2946
2947
2948
2949
2991
2992
2993
3035
3036
3037
3038
3039
3069
3070
3071
3072
3073
3074
3075
3076
3077
3078
3079
3080
3081
3082
3083
3084
3085
3125
3126
3127
3128
3129
3170
3171
3172
3173
3174
3215
3216
3217
3218
3219
3240
3241
3242
3243
3249
3250
3251
3252
3253
3254
3255
3256
3257
3258
3259
3260
3261
3262
3263
3264
3265
3305
3306
3307
3308
3309
3350
3351
3352
3353
3354
3395
3396
3397
3398
3399
3420
3421
3422
3423
3424
3425
3426
3427
3428
3429
3430
3431
3432
3433
3434
3435
3436
3437
3438
3439
3440
3441
3442
3443
3444
3445
3446
3447
3448
3449
3450
3451
3485
3486
3487
3488
3489
3530
3531
3532
3533
3534
3575
3576
3577
3578
3579
3580
3585
3600
3601
3602
3604
3606
3608
3609
3610
3611
3612
3613
3614
3615
3616
3617
3619
3620
3621
3622
3623
3624
3625
3626
3627
3628
3629
3630
3631
3665
3666
3667
3668
3669
3710
3711
3712
3713
3714
3755
3756
3757
3758
3759
3760
3761
3762
3763
3782
3789
3790
3791
3792
3793
3794
3799
3800
3801
3802
3803
3804
3805
3806
3807
3808
3809
3810
3811
3812
3845
3846
3847
3848
3849
3890
3891
3892
3893
3894
3934
3935
3936
3937
3938
3939
3940
3941
3943
3968
3969
3970
3972
3973
3974
3979
3980
3981
3982
3983
3984
3985
3986
3987
3988
3989
3990
3991
3992
3993
3998
3999
4001
4002
4025
4026
4027
4028
4029
4070
4071
4072
4073
4074
4114
4115
4116
4117
4118
4119
4120
4159
4160
4161
4162
4163
4164
4165
4166
4167
4168
4169
4170
4171
4172
4205
4206
4207
4208
4209
4250
4251
4252
4253
4254
4295
4296
4297
4298
4299
4300
4339
4340
4341
4342
4343
4344
4345
4346
4347
4349
4385
4386
4387
4388
4389
4430
4431
4432
4433
4434
4475
4476
4477
4478
4479
4480
4500
4512
4513
4514
4515
4520
4521
4522
4523
4524
4525
4526
4565
4566
4567
4568
4569
4572
4573
4574
4582
4583
4585
4586
4587
4588
4589
4590
4591
4592
4593
4594
4595
4596
4597
4598
4599
4600
4601
4602
4603
4604
4605
4606
4607
4608
4609
4610
4611
4612
4613
4627
4628
4629
4630
4631
4632
4634
4643
4644
4645
4646
4655
4656
4657
4658
4659
4660
4661
4662
4663
4664
4665
4666
4667
4668
4669
4670
4671
4672
4673
4674
4675
4676
4677
4678
4679
4686
4687
4688
4689
4690
4691
4692
4693
4694
4697
4698
4699
4700
4701
4702
4703
4704
4705
4710
4711
4712
4713
4737
4738
4739
4746
4747
4748
4749
4750
4754
4755
4756
4757
4758
4770
4771
4772
4773
4774
4775
4776
4777
4778
4779
4780
4781
4782
4783
4784
4785
4786
4787
4788
4789
4790
4791
4792
4793
4794
4795
4809
4810
4811
4812
4813
4814
4815
4816
4817
4818
4819
4820
4821
4833
4834
4835
4836
4837
4838
4839
4840
4841
4842
4843
4844
4845
4846
4847
4848
4849
4850
4860
4861
4862
4863
4864
4865
4866
4867
4868
4871
4872
4873
4874
4875
4876
4877
4878
4879
4880
4881
4882
4883
4884
4885
4886
4901
4902
4903
4904
4905
4906
4907
4908
4909
4924
4925
4926
4927
4928
4929
4930
4931
4932
4933
4938
4939
4940
4941
4942
4943
4944
4945
4946
4947
4948
4949
4950
4951
4952
4960
4961
4962
4963
4964
4965
4966
4967
4968
4969
4970
4971
4972
4973
4974
4975
4976
4977
4978
4979
4980
4981
4982
4983
4984
4985
4986
4987
4988
4989
4990
4991
4992
4993
4994
4995
4996
4997
4998
4999
5000
5001
5002
5003
5004
5005
5006
5007
5008
5009
5010
5011
5012
5013
5014
5015
5016
5017
5018
5019
5020
5021
5022
5023
5024
5025
5033
5034
5035
5036
5037
5038
5039
5040
5041
5042
5043
5044
5045
5046
5047
5048
5049
5050
5051
5052
5053
5054
5055
5056
5057
5058
5059
5060
5061
5062
5063
5064
5065
5066
5067
5068
5069
5073
5074
5075
5076
5077
5078
5079
5080
5081
5082
5083
5084
5085
5086
5087
5088
5089
5090
5091
5092
5093
5094
5095
5096
5097
5098
5099
5100
5103
5104
5105
5106
5107
5108
5109
5110
5111
5112
5113
5114
5115
5116
5117
5118
5119
5120
5121
5122
5123
5124
5125
5126
5127
5128
5129
5130
5131
5132
5133
5134
5135
5136
5137
5138
5139
5140
5144
5145
5146
5147
5148
5149
5150
5151
5152
5153
5154
5155
5156
5157
5158
5159
5160
5161
5162
5163
5164
5165
5166
5167
5168
5169
5170
5171
5172
5173
5174
5175
5176
5177
5178
5179
5180
5181
5182
5183
5184
5185
5186
5187
5188
5189
5190
5191
5192
5193
5194
5195
5196
5197
5198
5199
5200
5201
5202
5203
5204
5205
5206
5207
5208
5209
5210
5211
5212
5213
5214
5215
5216
5217
5218
5219
5220
5221
5222
5223
5224
5225
5226
5227
5228
5229
5230
5231
5232
5233
5234
5235
5236
5237
5238
5239
5240
5241
5242
5243
5244
5245
5246
5247
5248
5249
5250
5251
5252
5253
5254
5255
5256
5257
5258
5259
5260
5261
5262
5263
5264
5265
5266
5267
5268
5269
5270
5271
5272
5273
5274
5275
5276
5277
5278
5279
5280
5281
5282
5283
5284
5285
5286
5287
5288
5289
5290
5291
5292
5293
5294
5295
5296
5297
5298
5299
5300
5301
5302
5303
5304
5305
5306
5307
5308
5309
5310
5311
5312
5313
5314
5315
5316
5317
5318
5319
5320
5321
5322
5323
5324
5325
5326
5327
5328
5329
5330
5331
5332
5333
5334
5335
5336
5337
5338
5339
5340
5341
5342
5343
5344
5345
5346
5347
5348
5349
5350
5351
5352
5353
5354
5355
5356
5357
5358
5359
5360
5361
5362
5363
5364
5365
5366
5367
5368
5369
5370
5371
5372
5373
5374
5375
5376
5377
5378
5379
5380
5381
5382
5383
5384
5385
5386
5387
5388
5389
5390
5391
5392
5393
5394
5395
5396
5397
5398
5399
